NACA0012
0.9999691579420541 0.0012643273665019356
0.9998766372377089 0.0012773077070069889
0.9997224542938898 0.0012989357462622614
0.9995066364503116 0.0013292026980073924
0.9992292219717522 0.0013680962737015467
0.9988902600372177 0.0014156006947170867
0.9984898107260416 0.001471696707970177
0.9980279450008861 0.0015363616049574897
0.9975047446876877 0.00160956924415612
0.9969203024525174 0.0016912900767411642
0.9962747217753997 0.001781491175562283
0.9955681169210695 0.0018801362673220607
0.9948006129067062 0.001987185767882796
0.9939723454666356 0.002102596820629832
0.9930834610140193 0.0022263233378100626
0.9921341165995541 0.0023583160447557096
0.9911244798671778 0.00249852252690439
0.9900547290068348 0.002646887279510937
0.9889250527042655 0.0028033517599539842
0.9877356500878913 0.0029678544425228216
0.9864867306727798 0.0031403308755736854
0.9851785143017263 0.0033207137409377112
0.9838112310834761 0.003508932915456636
0.9823851213281022 0.003704915534523129
0.9809004354795597 0.00390858605749653
0.9793574340454629 0.004119866334860031
0.9777563875240893 0.004338675676987711
0.9760975763286422 0.004564930924383861
0.9743812907088129 0.004798546519255267
0.9726078306696612 0.005039434578277319
0.9707775058878397 0.005287504966414181
0.968890635625211 0.005542665371648631
0.9669475486398736 0.00580482138048175
0.9649485830946292 0.0060738765540608195
0.9628940864629486 0.006349732504791607
0.9607844154324352 0.006632288973296716
0.9586199358058584 0.00692144390557933
0.9564010223997619 0.007217093530255567
0.9541280589407105 0.007519132435717548
0.9518014379591959 0.007827453647095407
0.9494215606812552 0.008141948702885394
0.9469888369178279 0.008462507731117513
0.9445036849518942 0.008789019524937734
0.9419665314234618 0.009121371617479807
0.9393778112124004 0.00945945035591472
0.9367379673192046 0.009803140974560122
0.9340474507437017 0.010152327666943697
0.9313067203617809 0.010506893656711471
0.9285162428001471 0.010866721267288562
0.9256764923091869 0.011231691990191426
0.9227879506339585 0.011601686551907228
0.9198511068833887 0.011976584979252216
0.9168664573976772 0.012356266663138115
0.9138345056140136 0.012740610420665634
0.9107557619306 0.013129494555487725
0.9076307435690733 0.013522796916375321
0.9044599744353478 0.013920394953937421
0.9012439849789439 0.014322165775443284
0.897983312050851 0.014727986197708196
0.8946784987599598 0.01513773279800816
0.8913300943281497 0.01555128196299128
0.8879386539440509 0.01596850993556689
0.8845047386155432 0.016389292859756256
0.8810289150210516 0.016813506823492804
0.8775117553596956 0.017241027899368586
0.8739538372003123 0.017671732183333785
0.8703557433294588 0.01810549583135063
0.8667180615983993 0.018542195094023377
0.8630413847691661 0.018981706349219075
0.8593263103597203 0.01942390613270961
0.8555734404882975 0.01986867116686217
0.8517833817169617 0.02031587838741911
0.8479567448944437 0.02076540496840586
0.8440941449983115 0.021217128345215983
0.8401962009765246 0.021670926235923402
0.8362635355884322 0.022126676660878877
0.8322967752452733 0.022584257960650344
0.8282965498502186 0.023043548812372264
0.8242634926380303 0.02350442824457095
0.8201982400143749 0.023966775650538757
0.8161014313948529 0.024430470800331294
0.8119737090438163 0.02489539385146323
0.8078157179129855 0.025361425358388315
0.8036281054799677 0.025828446280840408
0.7994115215867045 0.02629633799112362
0.7951666182779076 0.02676498228043749
0.7908940496395389 0.027234261364324545
0.7865944716373845 0.027704057887330467
0.782268541955786 0.028174254926965066
0.7779169198365747 0.028644735997056157
0.7735402659182531 0.029115385050587184
0.7691392420755049 0.029586086482107258
0.7647145112590445 0.030056725129807768
0.760266737335904 0.030527186277351043
0.7557965849301641 0.030997355655544352
0.751304719264222 0.031467119443942905
0.7467918060006147 0.03193636427247172
0.7422585110844595 0.032404977223149896
0.7377055005865801 0.03287284583199754
0.7331334405473244 0.03333985809121151
0.7285429968211734 0.033805902451681795
0.7239348349221552 0.034270867825928614
0.7193096198701154 0.03473464359153167
0.7146680160379153 0.03519711959511968
0.7100106869995748 0.035658186156988736
0.705338295379422 0.0361177340764118
0.700651502702301 0.03657565463769726
0.6959509692448587 0.03703183961705543
0.6912373538879877 0.03748618129032126
0.6865113139704421 0.037938572441583523
0.6817735051436852 0.03838890637276329
0.6770245812279998 0.03883707691418177
0.6722651940699147 0.039282978436152
0.6674959934009828 0.03972650586162556
0.6627176266979504 0.04016755467992151
0.6579307390443517 0.04060602096155932
0.6531359729935852 0.041041801374212275
0.6483339684334921 0.0414747931997959
0.6435253624524809 0.041904894352699874
0.6387107892072331 0.04233200339916701
0.6338908797920363 0.04275601957781846
0.6290662621097545 0.043176842821322926
0.6242375607445001 0.043594373779197726
0.6194053968360203 0.04400851384173057
0.6145703879558356 0.04441916516500353
0.6097331479851659 0.04482623069699791
0.6048942869946693 0.04522961420475433
0.6000544111260255 0.0456292203025582
0.5952141224753965 0.04602495448111731
0.5903740189787878 0.04641672313769462
0.5855346942993369 0.04680443360715544
0.580696737716561 0.047187994193885245
0.5758607340175811 0.047567314204530836
0.571027263390359 0.04794230398151415
0.5661969013189507 0.04831287493726718
0.5613702184808302 0.04867893958912925
0.5565477806462632 0.049040411594851674
0.5517301485798007 0.049397205788645815
0.5469178779438613 0.04974923821771442
0.5421115192044655 0.05009642617919903
0.5373116175391132 0.05043868825747829
0.5325187127468272 0.05077594436174809
0.5277333391603857 0.05110811576381463
0.5229560255607469 0.05143512513602892
0.5181872950936964 0.0517568965892911
0.5134276651887121 0.052073355711052455
0.5086776474800733 0.05238442960324154
0.5039377477302182 0.05269004692004124
0.4992084657553588 0.052990137905443074
0.49449029535337513 0.05328463443050468
0.4897837242339733 0.05357347003023822
0.4850892339511476 0.05385657994005515
0.4804072998379173 0.05413390113169672
0.47573839094337267 0.05440537234857731
0.47108296997202614 0.05467093414047012
0.46644149322545875 0.05493052889746686
0.46181441054628974 0.05518410088314171
0.45720216526444823 0.055431596266854025
0.4526051941457655 0.055672963155123864
0.44802392734287294 0.05590815162201783
0.44345878834841906 0.056137113738482874
0.43891019395059405 0.05635980360056967
0.43437855419096366 0.056576177356487324
0.4298642723246071 0.056786193232435646
0.4253677447825583 0.056989811557161374
0.42088936113653813 0.057186994785189314
0.41642950406598433 0.05737770751868007
0.4119885493273539 0.057561916527870946
0.40756686572571044 0.057739590770056415
0.4031648150885711 0.057910701407070685
0.3987827522420158 0.05807522182123534
0.39442102498904325 0.05823312762973881
0.3900799740901585 0.0583843966974179
0.3857599332461928 0.05852900914791403
0.38146122908332863 0.05866694737317995
0.37718418114033125 0.05879819604131624
0.3729291018579562 0.05892274210271958
0.36869629657053715 0.059040574794527956
0.36448606349972024 0.0591516856433515
0.3602986937503404 0.05925606846628011
0.35613447130842285 0.05935371937016245
0.35199367304128093 0.05944463674915443
0.34787656869970773 0.05952882128053702
0.3437834209222286 0.05960627591880778
0.3397144852414081 0.05967700588805247
0.3356700100921731 0.05974101867260619
0.331650236822155 0.059798324006016416
0.32765539970400825 0.05984893385832327
0.3236857259496935 0.05989286242167467
0.3197414357267003 0.05993012609429707
0.31582274217619183 0.05996074346284444
0.31192985143303475 0.05998473528315174
0.3080629626477035 0.06000212445942006
0.30422226801002666 0.06001293602186419
0.30040795277475313 0.06001719710285473
0.2966201952889076 0.060014936911589996
0.2928591670209184 0.060006186707332924
0.28912503259147987 0.05999097977125304
0.2854179498061291 0.059969351376912866
0.2817380696895101 0.05994133875944074
0.2780855365212883 0.05990698108343404
0.27446048787370136 0.05986631940963772
0.27086305465070226 0.05981939666044417
0.26729336112867863 0.059766257584262926
0.2637515249987086 0.059706948718808085
0.2602376574103297 0.0596415183533541
0.25675186301678754 0.059570016490010126
0.2532942400217346 0.0594924948040649
0.24986488022734957 0.05940900660345402
0.24646386908384105 0.059319606787403216
0.24309128574031544 0.0592243518042998
0.23974720309696154 0.05912329960884723
0.23643168785853624 0.059016509618555826
0.23314480058910714 0.058904042669624276
0.2298865957680247 0.05878596097226592
0.22665712184709594 0.058662328065533946
0.22345642130891763 0.05853320877169967
0.22028453072634221 0.05839866915023721
0.2171414808230482 0.058258776451468826
0.21402729653516847 0.0581135990699229
0.21094199707395864 0.05796320649745797
0.20788559598946343 0.057807669276204184
0.20485810123514875 0.05764705895137381
0.2018595152334704 0.05748144802399098
0.19888983494234205 0.057310909903590695
0.19594905192247195 0.05713551886093586
0.19303715240553146 0.05695534998079988
0.19015411736312932 0.05677047911486228
0.18729992257654973 0.05658098283476274
0.18447453870722774 0.05638693838535826
0.18167793136792673 0.05618842363822725
0.17891006119458178 0.05598551704546214
0.1761708839187843 0.055778297593792624
0.1734603504408641 0.055566844759078166
0.17077840690354706 0.05535123846120883
0.16812499476614667 0.055131559019451035
0.165500050879264 0.05490788710827419
0.16290350755995897 0.05468030371369208
0.160335292667364 0.05444889009015192
0.1577953296787062 0.05421372771800219
0.15528353776570727 0.05397489826156919
0.1527998318713294 0.05373248352787043
0.1503441227868344 0.05348656542599179
0.1479163172291295 0.05323722592715366
0.1455163179183622 0.052984547025489846
0.1431440236557398 0.052728610699561626
0.1407993294015387 0.052469498874627346
0.13848212635327684 0.052207293385687414
0.13619230202401714 0.05194207594132209
0.1339297403207728 0.051673928088338365
0.13169432162298791 0.051402931177241235
0.12948592286105912 0.0511291663285421
0.1273044175948758 0.050852714399917086
0.12514967609234512 0.05057365595422511
0.12302156540787981 0.05029207122839581
0.12091994946081545 0.05000804010319435
0.11884468911373246 0.049721642073870115
0.11679564225065912 0.049432956221694864
0.11477266385512175 0.04914206118639341
0.1127756060880249 0.04884903513947088
0.1108043183653282 0.048553955758437
0.1088586474354991 0.04825690020192831
0.10693843745671591 0.047957945085728024
0.1050435300737945 0.04765716645968066
0.10317376449481783 0.047354639785499766
0.1013289775674427 0.04705043991546407
0.09950900385486051 0.046744641071997474
0.09771367571138984 0.04643731682812719
0.09594282335767933 0.04612854008881323
0.09419627495549673 0.045818383073141636
0.09247385668208423 0.04550691729737304
0.09077539280406147 0.04519421355883821
0.0891007057508484 0.04488034192066889
0.08744961618759794 0.044565371697355555
0.08582194308760965 0.04424937144111916
0.08421750380421125 0.04393240892908566
0.08263611414208749 0.04361455115125112
0.08107758842803683 0.0432958642992237
0.07954173958114119 0.04297641375572991
0.07802837918232834 0.04265626408487026
0.07653731754331253 0.04233547902311068
0.0750683637748968 0.04201412147099465
0.0736213258546193 0.041692253485560535
0.07219601069373126 0.041369936273449655
0.0707922242034894 0.04104723018468821
0.06940977136075001 0.04072419470712798
0.06804845627284947 0.040400888461529
0.0667080822417594 0.040077369197268384
0.0653884518275025 0.0397536937886582
0.06408936691081736 0.039429918231856355
0.06281062875505923 0.039106097642352865
0.06155203806732751 0.03878228625301599
0.060313395058806986 0.0384585374126802
0.0590944995043124 0.03813490358525948
0.0578951508010288 0.03781143634936962
0.056715148026435264 0.03748818639844211
0.0555542899954044 0.03716520354131301
0.054412375316469926 0.036842536703270534
0.05328920244725184 0.0365202339275441
0.05218456974903451 0.036198342377219354
0.05109827554048819 0.03587690833756197
0.050030118150528734 0.035555977218734755
0.04897989597030887 0.03523559355889195
0.047947407504335335 0.03491580102763498
0.04693245142070601 0.034596642429814
0.045934826600463614 0.03427815970966031
0.04495433218606049 0.033960393955234404
0.04399076762892993 0.03364338540317449
0.043043932736163054 0.03332717344373193
0.04211362771628488 0.03301179662607805
0.04119965322412962 0.032697292663869566
0.040301810404811456 0.03238369844105805
0.03941990093678944 0.032071050017930536
0.03855372707402571 0.03175938263736814
0.037703091687234534 0.031448730731309556
0.03686779830422341 0.03113912792740755
0.03604765114932466 0.030830607055865832
0.03524245518191828 0.030523200156444705
0.0344520161340468 0.030216938485624137
0.033676140547122424 0.029911852523912586
0.032914635807728826 0.029607971983291587
0.03216731018251809 0.029305325814784632
0.03143397285220632 0.029003942216141224
0.03071443394466838 0.028703848639625083
0.03000850456713659 0.028405071799898103
0.029315996837505447 0.02810763768199041
0.02863672391474507 0.027811571549347186
0.02797050002842905 0.02751689795194483
0.027317140507379017 0.027223640734467206
0.02667646180743123 0.026931823044534658
0.026048281538329752 0.026641467340978123
0.02543241848975066 0.026352595402150722
0.02482869265646387 0.026065228334270593
0.02423692526263666 0.0257793865797875
0.02365693878528566 0.025495089925767322
0.02308855697688328 0.025212357512288248
0.022531604887124992 0.024931207840842937
0.02198590888386361 0.024651658782740764
0.02145129667321839 0.024373727587505525
0.020927597318865353 0.02409743089126308
0.020414641260516436 0.02382278472511449
0.019912260331595058 0.023549804523490023
0.019420287776116263 0.02327850513248013
0.018938558264778617 0.023008900818138778
0.01846690791027715 0.02274100527475623
0.018005174281844907 0.022474831633096902
0.017553196419032586 0.022210392468599845
0.01711081484473385 0.021947699809537802
0.0166778715774669 0.021686765145133013
0.016254210142919955 0.021427599433626165
0.015839675584770955 0.02117021311029654
0.01543411447479057 0.020914616095430945
0.01503737492223803 0.02066081780223906
0.0146493065825599 0.020408827144713686
0.014269760665401313 0.020158652545433597
0.013898589941939921 0.019910301943307812
0.01353564875155268 0.019663782801259563
0.013180793007825386 0.019419102113848473
0.012833880203915888 0.019176266414830244
0.012494769417280987 0.018935281784652272
0.012163321313777592 0.01869615385788449
0.011839398151148917 0.018458887830584504
0.01152286378190643 0.01822348846759663
0.011213583655618016 0.01798996010978367
0.01091142482061372 0.017758306681191532
0.010616255925119262 0.017528531696145738
0.01032794721782893 0.017300638266279967
0.010046370547928406 0.01707462910749612
0.009771399364578798 0.016850506546855937
0.009502908715872749 0.01662827252940393
0.009240775247273675 0.016407928624921683
0.008984877199549606 0.01618947603461379
0.008735094406212236 0.015972915597725228
0.008491308290472581 0.01575824779809053
0.008253401861724508 0.01554547277061514
0.008021259711566763 0.015334590307688769
0.007794768009375296 0.015125599865531742
0.00757381449743627 0.014918500570474056
0.007358288485651443 0.01471329122516803
0.007148080845826574 0.014509970314734801
0.006943084005554104 0.01430853601284511
0.006743191941700845 0.014108986187734878
0.0065483001735121005 0.013911318408156322
0.006358305755342525 0.013715529949264796
0.006173107269025052 0.013521617798442178
0.005992604815888518 0.013329578661057398
0.005816700008434639 0.013139408966164412
0.005645295961685207 0.012951104872138644
0.005478297284210013 0.012764662272252198
0.005315610068845997 0.012580076800188456
0.005157141883118332 0.012397343835497105
0.0050028017593733995 0.01221645850898948
0.004852500184634532 0.012037415708075667
0.004706149090190177 0.011860210082043337
0.0045636618409250675 0.011684836047279363
0.004424953224404138 0.011511287792434589
0.004289939439719341 0.011339559283532545
0.004158538086109028 0.011169644269022587
0.004030668151359783 0.011001536284778141
0.003906250000000222 0.010835228659040592
0.0037852053612964253 0.010670714517309544
0.0036674573170582428 0.010507986787179775
0.003552930289265942 0.010347038203125759
0.0034415500275262988 0.01018786131123409
0.003333243596367116 0.010030448473884328
0.003227939362379362 0.009874791874379105
0.0031255669812154437 0.009720883521523607
0.003026057384452553 0.009568715254155221
0.00292934276632951 0.009418278745623712
0.0028353565703656243 0.009269565508222498
0.0027440334758698022 0.009122566897571325
0.002655309384348191 0.008977274116951041
0.002569121405818259 0.008833678221590641
0.002485407845037353 0.008691770122907234
0.002404108187653386 0.008551540592699147
0.0023251630862853845 0.00841298026729272
0.0022485143465413105 0.008276079651643075
0.0021741049129805415 0.008140829123389225
0.002101878855028247 0.008007218936863967
0.0020317813528486755 0.007875239227058796
0.0019637586831842894 0.007744880013544171
0.0018977582051676063 0.0076161312043455665
0.001833728346112251 0.007488982599775428
0.0017716185872898292 0.007363423896221442
0.0017113794496989533 0.00723944468989144
0.0016529624798325645 0.0071170344805150075
0.001596320235449674 0.0069961826750022296
0.0015414062713574265 0.006876878591059737
0.001488175125209271 0.006759111460764338
0.0014365823033248213 0.006642870434094335
0.001386584266536943 0.006528144582418891
0.0013381384160713777 0.0064149229019455165
0.0012912030794641216 0.006303194317125976
0.0012457374965215754 0.006192947684020682
0.0012017018053284275 0.006084171793621874
0.001159057028307981 0.0059768553751356115
0.0011177650583396135 0.005870987099222918
0.0010777886449377964 0.005766555581200023
0.0010390913804970638 0.005663549384198025
0.001001637686607108 0.005561957022281995
9.653928004421025E-4 0.005461766963529742
9.303227612281472E-4 0.0053629676330703025
8.963943967926696E-4 0.005265547416082333
8.635753101993898E-4 0.005169494660752425
8.318338664724614E-4 0.005074797681193674
8.011391794130789E-4 0.004981444760324326
7.714610985118994E-4 0.004889424152706845
7.427701959603651E-4 0.004798724087347404
7.150377537639591E-4 0.00470933277045596
6.882357509602262E-4 0.004621238388166874
6.62336850944383E-4 0.0045344291092204395
6.373143889050625E-4 0.004448893087605123
6.131423593727664E-4 0.0043646184651608575
5.897954038833594E-4 0.00428159337414333
5.672487987589008E-4 0.004199805939749453
5.454784430079439E-4 0.004119244282604075
5.244608463473336E-4 0.0040398965212080475
5.041731173474226E-4 0.003961750774347732
4.8459295170250386E-4 0.0038847951634660583
4.656986206281637E-4 0.0038090178149952788
4.4746895938711117E-4 0.0037344068626514126
4.298833559449908E-4 0.0036609504496906125
4.1292173975752863E-4 0.0035886367311274837
3.9656457069028E-4 0.0035174538759154728
3.807928280721559E-4 0.003447390069089483
3.6558799988377946E-4 0.003378433513870781
3.5093207208164413E-4 0.0033105724337343244
3.368075180589547E-4 0.0032437950744386834
3.2319728824390645E-4 0.0031780897060185594
3.1008479983612536E-4 0.0031134446247402187
2.974539266818194E-4 0.0030498481550197466
2.8528898928818904E-4 0.0029872886513044473
2.7357474497749826E-4 0.00292575449991743
2.622963781811483E-4 0.0028652341208655406
2.514394908740156E-4 0.002805715969610811
2.409900931492205E-4 0.0027471885388055243
2.309345939334384E-4 0.0026896403599911195
2.2125979184276734E-4 0.0026330600052610516
2.119528661790999E-4 0.002577436088887753
2.030013680668861E-4 0.0025227572689139406
1.9439321173008058E-4 0.0024690122487083287
1.8611666590903004E-4 0.00241618977848605
1.781603454169566E-4 0.0023642786567938502
1.7051320283566036E-4 0.002313267731960328
1.631645203499841E-4 0.002263145903511366
1.5610390172052422E-4 0.002213902123550958
1.493212643940219E-4 0.0021655253981076347
1.428068317508072E-4 0.0021180047884466944
1.365511254886132E-4 0.002071329412348442
1.3054495814202957E-4 0.0020254884453526577
1.2477942573680718E-4 0.001980471121969481
1.1924590057818947E-4 0.0019362667368569941
1.1393602417238392E-4 0.0018928646459656661
1.0884170028025694E-4 0.0018502542676499501
1.0395508810227529E-4 0.0018084250837471802
9.926859559370122E-5 0.0017673666406241404
9.477487290897686E-5 0.0017270685501913979
9.046680597422799E-5 0.0016875204908857846
8.633751018675284E-5 0.0016487122086211695
8.238032424035186E-5 0.001610633517707865
7.858880407530215E-5 0.0015732743017408657
7.495671695176187E-5 0.001536624514457218
7.147803564535452E-5 0.0015006741805627683
6.814693276365812E-5 0.0014654133965285759
6.495777518229744E-5 0.001430832331357267
6.19051185993107E-5 0.0013969212273195813
5.8983702206443947E-5 0.0013636704006614326
5.6188443476000346E-5 0.0013310702422817456
5.351443306185272E-5 0.0012991112183813526
5.0956929813211904E-5 0.0012677838710832658
4.8511355899720844E-5 0.001237078819024586
4.617329204643595E-5 0.0012069867579203922
4.3938472877233876E-5 0.0011774984610998585
4.180278236517824E-5 0.0011486047800149492
3.976224938836103E-5 0.0011202966447219664
3.7813043389729234E-5 0.0010925650643362843
3.595147013939178E-5 0.001065401127460545
3.417396759790194E-5 0.0010387960025866865
3.2477101878993754E-5 0.0010127409384720486
3.0857563310255036E-5 9.872272644899426E-4
2.9312162590207086E-5 9.622463909549476E-4
2.7837827040263308E-5 9.377898094232972E-4
2.6431596950033958E-5 9.138490929686613E-4
2.509062201444236E-5 8.90415896433639E-4
2.381215786112053E-5 8.674819566573151E-4
2.259356266654983E-5 8.450390926791926E-4
2.143229385941509E-5 8.230792059198254E-4
2.0325904909643575E-5 8.015942803384932E-4
1.9272042201603544E-5 7.805763825682575E-4
1.8268441989939672E-5 7.600176620287003E-4
1.7312927436531537E-5 7.399103510167291E-4
1.640340572706227E-5 7.202467647757252E-4
1.5537865265696668E-5 7.010193015434299E-4
1.4714372946370169E-5 6.822204425788502E-4
1.3931071499203279E-5 6.638427521685687E-4
1.318617691056053E-5 6.458788776127573E-4
1.2477975915285995E-5 6.283215491912556E-4
1.1804823559655572E-5 6.111635801100448E-4
1.1165140833597553E-5 5.943978664284477E-4
1.0557412370744916E-5 5.780173869674076E-4
9.980184214893969E-6 5.620152031991737E-4
9.432061651456595E-6 5.463844591187275E-4
8.911707102506944E-6 5.311183810973035E-4
8.417838084035885E-6 5.162102777183209E-4
7.949225224041255E-6 5.016535395960809E-4
7.504690340095861E-6 4.874416391775556E-4
7.083104575049973E-6 4.7356813052760625E-4
6.683386589540333E-6 4.6002664909796634E-4
6.304500809993042E-6 4.46810911480326E-4
5.945455730823545E-6 4.339147151438469E-4
5.605302269553062E-6 4.2133193815744284E-4
5.28313217357726E-6 4.090565388971562E-4
4.978076477339619E-6 3.970825557389602E-4
4.689304008678955E-6 3.8540410673731956E-4
4.416019943137637E-6 3.7401538928983214E-4
4.1574644050343946E-6 3.629106797882798E-4
3.912911114123469E-6 3.5208433325641976E-4
3.6816660766790253E-6 3.415307829748276E-4
3.4630663198623293E-6 3.3124454009312914E-4
3.2564786682465164E-6 3.212201932299282E-4
3.0612985613924558E-6 3.114524080607577E-4
2.876948911387136E-6 3.0193592689437015E-4
2.7028789992743435E-6 2.9266556823767984E-4
2.5385634093258094E-6 2.836362263496714E-4
2.38350100011947E-6 2.748428707845903E-4
2.237213911409755E-6 2.6628054592472007E-4
2.099246605793407E-6 2.5794437050305545E-4
1.9691649441927826E-6 2.498295371161786E-4
1.8465552941969786E-6 2.4193131172764204E-4
1.7310236703195276E-6 2.3424503316215627E-4
1.6221949052498774E-6 2.2676611259088458E-4
1.5197118511941064E-6 2.1949003300814215E-4
1.4232346104185943E-6 2.1241234869979147E-4
1.3324397941285706E-6 2.055286847036272E-4
1.2470198088315737E-6 1.9883473626204254E-4
1.1666821693537752E-6 1.9232626826726096E-4
1.0911488376950785E-6 1.8599911469942005E-4
1.0201555869266373E-6 1.7984917805779037E-4
9.5345138935205E-7 1.7387242878540602E-4
8.907978281710379E-7 1.68064904687389E-4
8.319685319017064E-7 1.6242271034323655E-4
7.76748630834711E-7 1.569420165133467E-4
7.249342348096879E-7 1.516190595400502E-4
6.763319316211323E-7 1.464501407434132E-4
6.307583053776486E-7 1.414316258120785E-4
5.880394741549305E-7 1.365599441894018E-4
5.480106462991717E-7 1.3183158845514196E-4
5.105156947537307E-7 1.2724311370296198E-4
4.754067487977453E-7 1.2279113691399113E-4
4.425438026011198E-7 1.18472336326697E-4
4.117943400157931E-7 1.1428345080331468E-4
3.830329750384769E-7 1.102212791930768E-4
3.5614110739508185E-7 1.062826796924825E-4
3.310065927119099E-7 1.0246456920284405E-4
3.075234267532852E-7 9.876392268534623E-5
2.8559144321964247E-7 9.517777251384609E-5
2.6511602461427926E-7 9.170320782564568E-5
2.4600782570083126E-7 8.83373738704585E-5
2.2818250908723385E-7 8.507747135779402E-5
2.1156049248533906E-7 8.192075580297836E-5
1.960667072085461E-7 7.886453687202571E-5
1.8163036748275258E-7 7.590617772557409E-5
1.681847501586253E-7 7.304309436209421E-5
1.5566698442564891E-7 7.02727549605771E-5
1.4401785114061798E-7 6.759267922290328E-5
1.331815913952115E-7 6.50004377160945E-5
1.231057239589942E-7 6.24936512146416E-5
1.1374087124568682E-7 6.006999004310516E-5
1.0504059346175571E-7 5.77271734191758E-5
9.696123060737704E-8 5.546296879738264E-5
8.946175201057102E-8 5.327519121363321E-5
8.250361308579837E-8 5.116170263076415E-5
7.605061901858362E-8 4.912041128528047E-5
7.006879508774769E-8 4.714927103545714E-5
6.452626334661617E-8 4.5246280710972865E-5
5.939312539412355E-8 4.340948346424361E-5
5.464135097604677E-8 4.16369661236201E-5
5.024467216568324E-8 3.992685854860919E-5
4.617848288214599E-8 3.8277332987277616E-5
4.241974351306883E-8 3.668660343599114E-5
3.8946890416919645E-8 3.515292500164088E-5
3.5739750088294967E-8 3.36745932665041E-5
3.277945777752756E-8 3.224994365588401E-5
3.0048380363677435E-8 3.0877350808669267E-5
2.753004328750647E-8 2.9555227950952023E-5
2.5209061358345997E-8 2.8282026272838195E-5
2.307107325587706E-8 2.70562343085822E-5
2.1102679554739937E-8 2.587637732017354E-5
1.9291384106591067E-8 2.474101668450144E-5
1.7625538620720977E-8 2.364874928421791E-5
1.6094290290653752E-8 2.259820690241903E-5
1.4687532320256893E-8 2.158805562125903E-5
1.3395857208814649E-8 2.061699522460998E-5
1.2210512660252894E-8 1.968375860487578E-5
1.1123359987258828E-8 1.878711117406625E-5
1.012683488641515E-8 1.792585027923448E-5
9.213910465668326E-9 1.7098804622376673E-5
8.378062410481056E-9 1.6304833684891136E-5
7.613236179879691E-9 1.554282715668962E-5
6.913816128305669E-9 1.481170437005158E-5
6.274596453715516E-9 1.4110413738308027E-5
5.6907538767546536E-9 1.3437932199439853E-5
5.157821960054902E-9 1.2793264664670899E-5
4.671666980782653E-9 1.2175443472134326E-5
4.228465273493818E-9 1.1583527845687196E-5
3.82468196413859E-9 1.1016603358945165E-5
3.4570510197069884E-9 1.0473781404606525E-5
3.122556541517846E-9 9.954198669131425E-6
2.818415233534014E-9 9.457016612839682E-6
2.5420599803376135E-9 8.981420955487249E-6
2.2911244725250066E-9 8.526621167378565E-6
2.0634288202856924E-9 8.091849966069477E-6
1.8569660988147524E-9 7.676362818712087E-6
1.6698897719795083E-9 7.2794374500902465E-6
1.500501943320177E-9 6.900373356391807E-6
1.3472423860148757E-9 6.538491324760563E-6
1.2086783058850413E-9 6.193132958668328E-6
1.0834947938608252E-9 5.863660209144715E-6
9.70485926570884E-10 5.549454911899536E-6
8.685464758700629E-10 5.249918330369991E-6
7.766641901749102E-10 4.9644707047221685E-6
6.939126124438298E-10 4.692550806833752E-6
6.194444015187637E-10 4.433615501282179E-6
5.524851253416821E-10 4.187139312359866E-6
4.923274962746279E-10 3.952613997135722E-6
4.383260203892677E-10 3.7295481245793952E-6
3.8989203415387556E-10 3.5174666607624084E-6
3.464891034347684E-10 3.3159105601476472E-6
3.0762876114835123E-10 3.1244363629764944E-6
2.728665612513939E-10 2.9426157987601845E-6
2.417984280437065E-10 2.7700353958797288E-6
2.1405728098132418E-10 2.6062960972964624E-6
1.8930991636200913E-10 2.451012882372726E-6
1.6725412835081838E-10 2.30381439480009E-6
1.4761605286377387E-10 2.1643425766302192E-6
1.3014771882460958E-10 2.0322523084011267E-6
1.1462479225532963E-10 1.9072110553495746E-6
1.0084449955790797E-10 1.7888985196979996E-6
8.862371719402725E-11 1.6770062990023728E-6
7.779721577419983E-11 1.5712375505451957E-6
6.821604732890593E-11 1.4713066617558205E-6
5.974606525436944E-11 1.3769389266382625E-6
5.226656710607965E-11 1.2878702281846074E-6
4.566905105593001E-11 1.2038467267502553E-6
3.985607743555086E-11 1.1246245543652213E-6
3.474022736073913E-11 1.0499695149538913E-6
3.024315097139614E-11 9.796567904337409E-7
2.6294698329629152E-11 9.13470652661729E-7
2.2832126497127793E-11 8.512041811952762E-7
1.979937676302914E-11 7.926589868330235E-7
1.714641641661426E-11 7.376449408988256E-7
1.482863985666758E-11 6.859799102308038E-7
1.2806324202458436E-11 6.374894978356163E-7
1.10441349213079E-11 5.920067891665375E-7
9.510677315769618E-12 5.493721039823726E-7
8.17809002072145E-12 5.094327537427203E-7
7.02167694823144E-12 4.720428044936189E-7
6.019574386979033E-12 4.370628451961761E-7
5.152450214288474E-12 4.0435976144938733E-7
4.403232413432481E-12 3.7380651455697254E-7
3.756864307717979E-12 3.4528192588677237E-7
3.2000841268545553E-12 3.186704664699265E-7
2.721226711081342E-12 2.9386205178585873E-7
2.310045335294607E-12 2.7075184167785513E-7
1.9575517997525374E-12 2.4924004534289263E-7
1.655873086570121E-12 2.292317313382391E-7
1.3981230228599323E-12 2.1063664254627562E-7
1.1782875226922974E-12 1.933690160379456E-7
9.911221016784423E-13 1.773474077742529E-7
8.320604705275521E-13 1.624945220842559E-7
6.971331179695847E-13 1.487370458571057E-7
5.828948895155427E-13 1.3600548738478896E-7
4.863606571645112E-13 1.2423401979141225E-7
4.049482568525053E-13 1.1336032898406295E-7
3.364279456373187E-13 1.033254660595365E-7
2.7887769976553615E-13 9.407370410050426E-8
2.3064373828838264E-13 8.555239929402941E-8
1.9030571517439482E-13 7.77118563047059E-8
1.566460762791911E-13 7.05051978341099E-8
1.2862312642459204E-13 6.388823829770398E-8
1.0534739653940696E-13 5.781936154982843E-8
8.606094163112119E-14 5.2259402586948424E-8
7.011923758164985E-14 4.717153315889936E-8
5.697537866357222E-14 4.2521151217489684E-8
4.616630851110862E-14 3.82757741314745E-8
3.7300845291663216E-14 3.4404935596611374E-8
3.0049287232686626E-14 3.088008616924423E-8
2.4134407673925473E-14 2.7674497351639124E-8
1.9323669631891086E-14 2.4763169157111128E-8
1.5422508663458235E-14 2.212274108283861E-8
1.2268549768219549E-14 1.9731406418155768E-8
9.726639332054895E-15 1.756882981605075E-8
7.684586833574019E-15 1.561606805556981E-8
6.049523346329993E-15 1.3855493922841756E-8
4.744794898652668E-15 1.2270723138489586E-8
3.707318615874533E-15 1.0846544259285325E-8
2.8853383740239475E-15 9.56885148203434E-9
2.23652453881375E-15 8.424580277841328E-9
1.7263693402216664E-15 7.401645785114907E-9
1.3268356250783837E-15 6.488883889909859E-9
1.0152222149286838E-15 5.6759949224848294E-9
7.732139446812214E-16 4.953489899269382E-9
5.860887338998369E-16 4.312639239786663E-9
4.4205780612437053E-16 3.745423888466282E-9
3.3171847626312968E-16 3.244488771706577E-9
2.47601820971103E-16 2.8030985210050344E-9
1.8380007664368107E-16 2.4150953934706046E-9
1.3566081469738114E-16 2.074859321561096E-9
9.953686082881885E-17 1.7772700244528434E-9
7.258258705694244E-17 1.5176711140474822E-9
5.2588642420055005E-17 1.2918361292519732E-9
3.784842708136713E-17 1.0959364328323275E-9
2.705067940828236E-17 9.265109058384342E-10
1.9193457926289306E-17 7.804373753264915E-10
1.3515579200886499E-17 6.549057118664306E-10
9.442235862951856E-18 5.473925341137795E-10
6.54208144549484E-18 4.5563745854834926E-10
4.493543988118605E-18 3.7762083333525883E-10
3.0585304626362986E-18 3.115428961468234E-10
2.0620195309595916E-18 2.5580429669607883E-10
1.376320235591863E-18 2.0898792567375945E-10
9.090070633758383E-19 1.698419927498313E-10
5.937345019623992E-19 1.3726429729768815E-10
3.8329289060965134E-19 1.1028763652328957E-10
2.4439739512169077E-19 8.806629673230932E-11
1.5380792350451802E-19 6.986357454521764E-11
9.546371031178023E-20 5.504027597255166E-11
5.838552945702854E-20 4.3044142389888765E-11
3.515394203488942E-20 3.3400153603601706E-11
2.081610314578198E-20 2.5701659373792786E-11
1.2108512955386849E-20 1.960229195923628E-11
6.910443157158816E-21 1.4808613470125612E-11
3.864054488298691E-21 1.1073453057287545E-11
2.11365093432303E-21 8.18989023068066E-12
1.1290874643832724E-21 5.985841884800907E-12
5.87876539089746E-22 4.319211913442543E-12
2.9768813022537444E-22 3.0735636204608175E-12
1.4624464827334273E-22 2.1542764761074664E-12
6.950528347267637E-23 1.4851501295035815E-12
3.185459698929866E-23 1.0054199662171743E-12
1.4025680710963336E-23 6.671498950571182E-13
5.907335418521278E-24 4.329694594091768E-13
2.3679393542953375E-24 2.7412379504600604E-13
8.979556930620916E-25 1.688063976590644E-13
3.1984071779659016E-25 1.0074611869901163E-13
1.0608443478700494E-25 5.802127678080896E-14
3.2420319549372434E-26 3.207525321438262E-14
9.010216329979762E-27 1.6909433461271907E-14
2.239860342462404E-27 8.430860788277019E-15
4.875641261694777E-28 3.933483383193401E-15
9.036426698891333E-29 1.693401004335083E-15
1.3728790437551127E-29 6.600511406118989E-16
1.6211682841607186E-30 2.2681694539326E-16
1.376377324765159E-31 6.60891555254878E-17
7.445376888433465E-33 1.5371094458321194E-17
2.0958812050381233E-34 2.5789610291541556E-18
2.1007681860206665E-36 2.5819659693211783E-19
3.1984554909206385E-39 1.0074687959719874E-20
0.0 0.0
3.1984554909206385E-39 -1.0074687959719874E-20
2.1007681860206665E-36 -2.5819659693211783E-19
2.0958812050381233E-34 -2.5789610291541556E-18
7.445376888433465E-33 -1.5371094458321194E-17
1.376377324765159E-31 -6.60891555254878E-17
1.6211682841607186E-30 -2.2681694539326E-16
1.3728790437551127E-29 -6.600511406118989E-16
9.036426698891333E-29 -1.693401004335083E-15
4.875641261694777E-28 -3.933483383193401E-15
2.239860342462404E-27 -8.430860788277019E-15
9.010216329979762E-27 -1.6909433461271907E-14
3.2420319549372434E-26 -3.207525321438262E-14
1.0608443478700494E-25 -5.802127678080896E-14
3.1984071779659016E-25 -1.0074611869901163E-13
8.979556930620916E-25 -1.688063976590644E-13
2.3679393542953375E-24 -2.7412379504600604E-13
5.907335418521278E-24 -4.329694594091768E-13
1.4025680710963336E-23 -6.671498950571182E-13
3.185459698929866E-23 -1.0054199662171743E-12
6.950528347267637E-23 -1.4851501295035815E-12
1.4624464827334273E-22 -2.1542764761074664E-12
2.9768813022537444E-22 -3.0735636204608175E-12
5.87876539089746E-22 -4.319211913442543E-12
1.1290874643832724E-21 -5.985841884800907E-12
2.11365093432303E-21 -8.18989023068066E-12
3.864054488298691E-21 -1.1073453057287545E-11
6.910443157158816E-21 -1.4808613470125612E-11
1.2108512955386849E-20 -1.960229195923628E-11
2.081610314578198E-20 -2.5701659373792786E-11
3.515394203488942E-20 -3.3400153603601706E-11
5.838552945702854E-20 -4.3044142389888765E-11
9.546371031178023E-20 -5.504027597255166E-11
1.5380792350451802E-19 -6.986357454521764E-11
2.4439739512169077E-19 -8.806629673230932E-11
3.8329289060965134E-19 -1.1028763652328957E-10
5.937345019623992E-19 -1.3726429729768815E-10
9.090070633758383E-19 -1.698419927498313E-10
1.376320235591863E-18 -2.0898792567375945E-10
2.0620195309595916E-18 -2.5580429669607883E-10
3.0585304626362986E-18 -3.115428961468234E-10
4.493543988118605E-18 -3.7762083333525883E-10
6.54208144549484E-18 -4.5563745854834926E-10
9.442235862951856E-18 -5.473925341137795E-10
1.3515579200886499E-17 -6.549057118664306E-10
1.9193457926289306E-17 -7.804373753264915E-10
2.705067940828236E-17 -9.265109058384342E-10
3.784842708136713E-17 -1.0959364328323275E-9
5.2588642420055005E-17 -1.2918361292519732E-9
7.258258705694244E-17 -1.5176711140474822E-9
9.953686082881885E-17 -1.7772700244528434E-9
1.3566081469738114E-16 -2.074859321561096E-9
1.8380007664368107E-16 -2.4150953934706046E-9
2.47601820971103E-16 -2.8030985210050344E-9
3.3171847626312968E-16 -3.244488771706577E-9
4.4205780612437053E-16 -3.745423888466282E-9
5.860887338998369E-16 -4.312639239786663E-9
7.732139446812214E-16 -4.953489899269382E-9
1.0152222149286838E-15 -5.6759949224848294E-9
1.3268356250783837E-15 -6.488883889909859E-9
1.7263693402216664E-15 -7.401645785114907E-9
2.23652453881375E-15 -8.424580277841328E-9
2.8853383740239475E-15 -9.56885148203434E-9
3.707318615874533E-15 -1.0846544259285325E-8
4.744794898652668E-15 -1.2270723138489586E-8
6.049523346329993E-15 -1.3855493922841756E-8
7.684586833574019E-15 -1.561606805556981E-8
9.726639332054895E-15 -1.756882981605075E-8
1.2268549768219549E-14 -1.9731406418155768E-8
1.5422508663458235E-14 -2.212274108283861E-8
1.9323669631891086E-14 -2.4763169157111128E-8
2.4134407673925473E-14 -2.7674497351639124E-8
3.0049287232686626E-14 -3.088008616924423E-8
3.7300845291663216E-14 -3.4404935596611374E-8
4.616630851110862E-14 -3.82757741314745E-8
5.697537866357222E-14 -4.2521151217489684E-8
7.011923758164985E-14 -4.717153315889936E-8
8.606094163112119E-14 -5.2259402586948424E-8
1.0534739653940696E-13 -5.781936154982843E-8
1.2862312642459204E-13 -6.388823829770398E-8
1.566460762791911E-13 -7.05051978341099E-8
1.9030571517439482E-13 -7.77118563047059E-8
2.3064373828838264E-13 -8.555239929402941E-8
2.7887769976553615E-13 -9.407370410050426E-8
3.364279456373187E-13 -1.033254660595365E-7
4.049482568525053E-13 -1.1336032898406295E-7
4.863606571645112E-13 -1.2423401979141225E-7
5.828948895155427E-13 -1.3600548738478896E-7
6.971331179695847E-13 -1.487370458571057E-7
8.320604705275521E-13 -1.624945220842559E-7
9.911221016784423E-13 -1.773474077742529E-7
1.1782875226922974E-12 -1.933690160379456E-7
1.3981230228599323E-12 -2.1063664254627562E-7
1.655873086570121E-12 -2.292317313382391E-7
1.9575517997525374E-12 -2.4924004534289263E-7
2.310045335294607E-12 -2.7075184167785513E-7
2.721226711081342E-12 -2.9386205178585873E-7
3.2000841268545553E-12 -3.186704664699265E-7
3.756864307717979E-12 -3.4528192588677237E-7
4.403232413432481E-12 -3.7380651455697254E-7
5.152450214288474E-12 -4.0435976144938733E-7
6.019574386979033E-12 -4.370628451961761E-7
7.02167694823144E-12 -4.720428044936189E-7
8.17809002072145E-12 -5.094327537427203E-7
9.510677315769618E-12 -5.493721039823726E-7
1.10441349213079E-11 -5.920067891665375E-7
1.2806324202458436E-11 -6.374894978356163E-7
1.482863985666758E-11 -6.859799102308038E-7
1.714641641661426E-11 -7.376449408988256E-7
1.979937676302914E-11 -7.926589868330235E-7
2.2832126497127793E-11 -8.512041811952762E-7
2.6294698329629152E-11 -9.13470652661729E-7
3.024315097139614E-11 -9.796567904337409E-7
3.474022736073913E-11 -1.0499695149538913E-6
3.985607743555086E-11 -1.1246245543652213E-6
4.566905105593001E-11 -1.2038467267502553E-6
5.226656710607965E-11 -1.2878702281846074E-6
5.974606525436944E-11 -1.3769389266382625E-6
6.821604732890593E-11 -1.4713066617558205E-6
7.779721577419983E-11 -1.5712375505451957E-6
8.862371719402725E-11 -1.6770062990023728E-6
1.0084449955790797E-10 -1.7888985196979996E-6
1.1462479225532963E-10 -1.9072110553495746E-6
1.3014771882460958E-10 -2.0322523084011267E-6
1.4761605286377387E-10 -2.1643425766302192E-6
1.6725412835081838E-10 -2.30381439480009E-6
1.8930991636200913E-10 -2.451012882372726E-6
2.1405728098132418E-10 -2.6062960972964624E-6
2.417984280437065E-10 -2.7700353958797288E-6
2.728665612513939E-10 -2.9426157987601845E-6
3.0762876114835123E-10 -3.1244363629764944E-6
3.464891034347684E-10 -3.3159105601476472E-6
3.8989203415387556E-10 -3.5174666607624084E-6
4.383260203892677E-10 -3.7295481245793952E-6
4.923274962746279E-10 -3.952613997135722E-6
5.524851253416821E-10 -4.187139312359866E-6
6.194444015187637E-10 -4.433615501282179E-6
6.939126124438298E-10 -4.692550806833752E-6
7.766641901749102E-10 -4.9644707047221685E-6
8.685464758700629E-10 -5.249918330369991E-6
9.70485926570884E-10 -5.549454911899536E-6
1.0834947938608252E-9 -5.863660209144715E-6
1.2086783058850413E-9 -6.193132958668328E-6
1.3472423860148757E-9 -6.538491324760563E-6
1.500501943320177E-9 -6.900373356391807E-6
1.6698897719795083E-9 -7.2794374500902465E-6
1.8569660988147524E-9 -7.676362818712087E-6
2.0634288202856924E-9 -8.091849966069477E-6
2.2911244725250066E-9 -8.526621167378565E-6
2.5420599803376135E-9 -8.981420955487249E-6
2.818415233534014E-9 -9.457016612839682E-6
3.122556541517846E-9 -9.954198669131425E-6
3.4570510197069884E-9 -1.0473781404606525E-5
3.82468196413859E-9 -1.1016603358945165E-5
4.228465273493818E-9 -1.1583527845687196E-5
4.671666980782653E-9 -1.2175443472134326E-5
5.157821960054902E-9 -1.2793264664670899E-5
5.6907538767546536E-9 -1.3437932199439853E-5
6.274596453715516E-9 -1.4110413738308027E-5
6.913816128305669E-9 -1.481170437005158E-5
7.613236179879691E-9 -1.554282715668962E-5
8.378062410481056E-9 -1.6304833684891136E-5
9.213910465668326E-9 -1.7098804622376673E-5
1.012683488641515E-8 -1.792585027923448E-5
1.1123359987258828E-8 -1.878711117406625E-5
1.2210512660252894E-8 -1.968375860487578E-5
1.3395857208814649E-8 -2.061699522460998E-5
1.4687532320256893E-8 -2.158805562125903E-5
1.6094290290653752E-8 -2.259820690241903E-5
1.7625538620720977E-8 -2.364874928421791E-5
1.9291384106591067E-8 -2.474101668450144E-5
2.1102679554739937E-8 -2.587637732017354E-5
2.307107325587706E-8 -2.70562343085822E-5
2.5209061358345997E-8 -2.8282026272838195E-5
2.753004328750647E-8 -2.9555227950952023E-5
3.0048380363677435E-8 -3.0877350808669267E-5
3.277945777752756E-8 -3.224994365588401E-5
3.5739750088294967E-8 -3.36745932665041E-5
3.8946890416919645E-8 -3.515292500164088E-5
4.241974351306883E-8 -3.668660343599114E-5
4.617848288214599E-8 -3.8277332987277616E-5
5.024467216568324E-8 -3.992685854860919E-5
5.464135097604677E-8 -4.16369661236201E-5
5.939312539412355E-8 -4.340948346424361E-5
6.452626334661617E-8 -4.5246280710972865E-5
7.006879508774769E-8 -4.714927103545714E-5
7.605061901858362E-8 -4.912041128528047E-5
8.250361308579837E-8 -5.116170263076415E-5
8.946175201057102E-8 -5.327519121363321E-5
9.696123060737704E-8 -5.546296879738264E-5
1.0504059346175571E-7 -5.77271734191758E-5
1.1374087124568682E-7 -6.006999004310516E-5
1.231057239589942E-7 -6.24936512146416E-5
1.331815913952115E-7 -6.50004377160945E-5
1.4401785114061798E-7 -6.759267922290328E-5
1.5566698442564891E-7 -7.02727549605771E-5
1.681847501586253E-7 -7.304309436209421E-5
1.8163036748275258E-7 -7.590617772557409E-5
1.960667072085461E-7 -7.886453687202571E-5
2.1156049248533906E-7 -8.192075580297836E-5
2.2818250908723385E-7 -8.507747135779402E-5
2.4600782570083126E-7 -8.83373738704585E-5
2.6511602461427926E-7 -9.170320782564568E-5
2.8559144321964247E-7 -9.517777251384609E-5
3.075234267532852E-7 -9.876392268534623E-5
3.310065927119099E-7 -1.0246456920284405E-4
3.5614110739508185E-7 -1.062826796924825E-4
3.830329750384769E-7 -1.102212791930768E-4
4.117943400157931E-7 -1.1428345080331468E-4
4.425438026011198E-7 -1.18472336326697E-4
4.754067487977453E-7 -1.2279113691399113E-4
5.105156947537307E-7 -1.2724311370296198E-4
5.480106462991717E-7 -1.3183158845514196E-4
5.880394741549305E-7 -1.365599441894018E-4
6.307583053776486E-7 -1.414316258120785E-4
6.763319316211323E-7 -1.464501407434132E-4
7.249342348096879E-7 -1.516190595400502E-4
7.76748630834711E-7 -1.569420165133467E-4
8.319685319017064E-7 -1.6242271034323655E-4
8.907978281710379E-7 -1.68064904687389E-4
9.5345138935205E-7 -1.7387242878540602E-4
1.0201555869266373E-6 -1.7984917805779037E-4
1.0911488376950785E-6 -1.8599911469942005E-4
1.1666821693537752E-6 -1.9232626826726096E-4
1.2470198088315737E-6 -1.9883473626204254E-4
1.3324397941285706E-6 -2.055286847036272E-4
1.4232346104185943E-6 -2.1241234869979147E-4
1.5197118511941064E-6 -2.1949003300814215E-4
1.6221949052498774E-6 -2.2676611259088458E-4
1.7310236703195276E-6 -2.3424503316215627E-4
1.8465552941969786E-6 -2.4193131172764204E-4
1.9691649441927826E-6 -2.498295371161786E-4
2.099246605793407E-6 -2.5794437050305545E-4
2.237213911409755E-6 -2.6628054592472007E-4
2.38350100011947E-6 -2.748428707845903E-4
2.5385634093258094E-6 -2.836362263496714E-4
2.7028789992743435E-6 -2.9266556823767984E-4
2.876948911387136E-6 -3.0193592689437015E-4
3.0612985613924558E-6 -3.114524080607577E-4
3.2564786682465164E-6 -3.212201932299282E-4
3.4630663198623293E-6 -3.3124454009312914E-4
3.6816660766790253E-6 -3.415307829748276E-4
3.912911114123469E-6 -3.5208433325641976E-4
4.1574644050343946E-6 -3.629106797882798E-4
4.416019943137637E-6 -3.7401538928983214E-4
4.689304008678955E-6 -3.8540410673731956E-4
4.978076477339619E-6 -3.970825557389602E-4
5.28313217357726E-6 -4.090565388971562E-4
5.605302269553062E-6 -4.2133193815744284E-4
5.945455730823545E-6 -4.339147151438469E-4
6.304500809993042E-6 -4.46810911480326E-4
6.683386589540333E-6 -4.6002664909796634E-4
7.083104575049973E-6 -4.7356813052760625E-4
7.504690340095861E-6 -4.874416391775556E-4
7.949225224041255E-6 -5.016535395960809E-4
8.417838084035885E-6 -5.162102777183209E-4
8.911707102506944E-6 -5.311183810973035E-4
9.432061651456595E-6 -5.463844591187275E-4
9.980184214893969E-6 -5.620152031991737E-4
1.0557412370744916E-5 -5.780173869674076E-4
1.1165140833597553E-5 -5.943978664284477E-4
1.1804823559655572E-5 -6.111635801100448E-4
1.2477975915285995E-5 -6.283215491912556E-4
1.318617691056053E-5 -6.458788776127573E-4
1.3931071499203279E-5 -6.638427521685687E-4
1.4714372946370169E-5 -6.822204425788502E-4
1.5537865265696668E-5 -7.010193015434299E-4
1.640340572706227E-5 -7.202467647757252E-4
1.7312927436531537E-5 -7.399103510167291E-4
1.8268441989939672E-5 -7.600176620287003E-4
1.9272042201603544E-5 -7.805763825682575E-4
2.0325904909643575E-5 -8.015942803384932E-4
2.143229385941509E-5 -8.230792059198254E-4
2.259356266654983E-5 -8.450390926791926E-4
2.381215786112053E-5 -8.674819566573151E-4
2.509062201444236E-5 -8.90415896433639E-4
2.6431596950033958E-5 -9.138490929686613E-4
2.7837827040263308E-5 -9.377898094232972E-4
2.9312162590207086E-5 -9.622463909549476E-4
3.0857563310255036E-5 -9.872272644899426E-4
3.2477101878993754E-5 -0.0010127409384720486
3.417396759790194E-5 -0.0010387960025866865
3.595147013939178E-5 -0.001065401127460545
3.7813043389729234E-5 -0.0010925650643362843
3.976224938836103E-5 -0.0011202966447219664
4.180278236517824E-5 -0.0011486047800149492
4.3938472877233876E-5 -0.0011774984610998585
4.617329204643595E-5 -0.0012069867579203922
4.8511355899720844E-5 -0.001237078819024586
5.0956929813211904E-5 -0.0012677838710832658
5.351443306185272E-5 -0.0012991112183813526
5.6188443476000346E-5 -0.0013310702422817456
5.8983702206443947E-5 -0.0013636704006614326
6.19051185993107E-5 -0.0013969212273195813
6.495777518229744E-5 -0.001430832331357267
6.814693276365812E-5 -0.0014654133965285759
7.147803564535452E-5 -0.0015006741805627683
7.495671695176187E-5 -0.001536624514457218
7.858880407530215E-5 -0.0015732743017408657
8.238032424035186E-5 -0.001610633517707865
8.633751018675284E-5 -0.0016487122086211695
9.046680597422799E-5 -0.0016875204908857846
9.477487290897686E-5 -0.0017270685501913979
9.926859559370122E-5 -0.0017673666406241404
1.0395508810227529E-4 -0.0018084250837471802
1.0884170028025694E-4 -0.0018502542676499501
1.1393602417238392E-4 -0.0018928646459656661
1.1924590057818947E-4 -0.0019362667368569941
1.2477942573680718E-4 -0.001980471121969481
1.3054495814202957E-4 -0.0020254884453526577
1.365511254886132E-4 -0.002071329412348442
1.428068317508072E-4 -0.0021180047884466944
1.493212643940219E-4 -0.0021655253981076347
1.5610390172052422E-4 -0.002213902123550958
1.631645203499841E-4 -0.002263145903511366
1.7051320283566036E-4 -0.002313267731960328
1.781603454169566E-4 -0.0023642786567938502
1.8611666590903004E-4 -0.00241618977848605
1.9439321173008058E-4 -0.0024690122487083287
2.030013680668861E-4 -0.0025227572689139406
2.119528661790999E-4 -0.002577436088887753
2.2125979184276734E-4 -0.0026330600052610516
2.309345939334384E-4 -0.0026896403599911195
2.409900931492205E-4 -0.0027471885388055243
2.514394908740156E-4 -0.002805715969610811
2.622963781811483E-4 -0.0028652341208655406
2.7357474497749826E-4 -0.00292575449991743
2.8528898928818904E-4 -0.0029872886513044473
2.974539266818194E-4 -0.0030498481550197466
3.1008479983612536E-4 -0.0031134446247402187
3.2319728824390645E-4 -0.0031780897060185594
3.368075180589547E-4 -0.0032437950744386834
3.5093207208164413E-4 -0.0033105724337343244
3.6558799988377946E-4 -0.003378433513870781
3.807928280721559E-4 -0.003447390069089483
3.9656457069028E-4 -0.0035174538759154728
4.1292173975752863E-4 -0.0035886367311274837
4.298833559449908E-4 -0.0036609504496906125
4.4746895938711117E-4 -0.0037344068626514126
4.656986206281637E-4 -0.0038090178149952788
4.8459295170250386E-4 -0.0038847951634660583
5.041731173474226E-4 -0.003961750774347732
5.244608463473336E-4 -0.0040398965212080475
5.454784430079439E-4 -0.004119244282604075
5.672487987589008E-4 -0.004199805939749453
5.897954038833594E-4 -0.00428159337414333
6.131423593727664E-4 -0.0043646184651608575
6.373143889050625E-4 -0.004448893087605123
6.62336850944383E-4 -0.0045344291092204395
6.882357509602262E-4 -0.004621238388166874
7.150377537639591E-4 -0.00470933277045596
7.427701959603651E-4 -0.004798724087347404
7.714610985118994E-4 -0.004889424152706845
8.011391794130789E-4 -0.004981444760324326
8.318338664724614E-4 -0.005074797681193674
8.635753101993898E-4 -0.005169494660752425
8.963943967926696E-4 -0.005265547416082333
9.303227612281472E-4 -0.0053629676330703025
9.653928004421025E-4 -0.005461766963529742
0.001001637686607108 -0.005561957022281995
0.0010390913804970638 -0.005663549384198025
0.0010777886449377964 -0.005766555581200023
0.0011177650583396135 -0.005870987099222918
0.001159057028307981 -0.0059768553751356115
0.0012017018053284275 -0.006084171793621874
0.0012457374965215754 -0.006192947684020682
0.0012912030794641216 -0.006303194317125976
0.0013381384160713777 -0.0064149229019455165
0.001386584266536943 -0.006528144582418891
0.0014365823033248213 -0.006642870434094335
0.001488175125209271 -0.006759111460764338
0.0015414062713574265 -0.006876878591059737
0.001596320235449674 -0.0069961826750022296
0.0016529624798325645 -0.0071170344805150075
0.0017113794496989533 -0.00723944468989144
0.0017716185872898292 -0.007363423896221442
0.001833728346112251 -0.007488982599775428
0.0018977582051676063 -0.0076161312043455665
0.0019637586831842894 -0.007744880013544171
0.0020317813528486755 -0.007875239227058796
0.002101878855028247 -0.008007218936863967
0.0021741049129805415 -0.008140829123389225
0.0022485143465413105 -0.008276079651643075
0.0023251630862853845 -0.00841298026729272
0.002404108187653386 -0.008551540592699147
0.002485407845037353 -0.008691770122907234
0.002569121405818259 -0.008833678221590641
0.002655309384348191 -0.008977274116951041
0.0027440334758698022 -0.009122566897571325
0.0028353565703656243 -0.009269565508222498
0.00292934276632951 -0.009418278745623712
0.003026057384452553 -0.009568715254155221
0.0031255669812154437 -0.009720883521523607
0.003227939362379362 -0.009874791874379105
0.003333243596367116 -0.010030448473884328
0.0034415500275262988 -0.01018786131123409
0.003552930289265942 -0.010347038203125759
0.0036674573170582428 -0.010507986787179775
0.0037852053612964253 -0.010670714517309544
0.003906250000000222 -0.010835228659040592
0.004030668151359783 -0.011001536284778141
0.004158538086109028 -0.011169644269022587
0.004289939439719341 -0.011339559283532545
0.004424953224404138 -0.011511287792434589
0.0045636618409250675 -0.011684836047279363
0.004706149090190177 -0.011860210082043337
0.004852500184634532 -0.012037415708075667
0.0050028017593733995 -0.01221645850898948
0.005157141883118332 -0.012397343835497105
0.005315610068845997 -0.012580076800188456
0.005478297284210013 -0.012764662272252198
0.005645295961685207 -0.012951104872138644
0.005816700008434639 -0.013139408966164412
0.005992604815888518 -0.013329578661057398
0.006173107269025052 -0.013521617798442178
0.006358305755342525 -0.013715529949264796
0.0065483001735121005 -0.013911318408156322
0.006743191941700845 -0.014108986187734878
0.006943084005554104 -0.01430853601284511
0.007148080845826574 -0.014509970314734801
0.007358288485651443 -0.01471329122516803
0.00757381449743627 -0.014918500570474056
0.007794768009375296 -0.015125599865531742
0.008021259711566763 -0.015334590307688769
0.008253401861724508 -0.01554547277061514
0.008491308290472581 -0.01575824779809053
0.008735094406212236 -0.015972915597725228
0.008984877199549606 -0.01618947603461379
0.009240775247273675 -0.016407928624921683
0.009502908715872749 -0.01662827252940393
0.009771399364578798 -0.016850506546855937
0.010046370547928406 -0.01707462910749612
0.01032794721782893 -0.017300638266279967
0.010616255925119262 -0.017528531696145738
0.01091142482061372 -0.017758306681191532
0.011213583655618016 -0.01798996010978367
0.01152286378190643 -0.01822348846759663
0.011839398151148917 -0.018458887830584504
0.012163321313777592 -0.01869615385788449
0.012494769417280987 -0.018935281784652272
0.012833880203915888 -0.019176266414830244
0.013180793007825386 -0.019419102113848473
0.01353564875155268 -0.019663782801259563
0.013898589941939921 -0.019910301943307812
0.014269760665401313 -0.020158652545433597
0.0146493065825599 -0.020408827144713686
0.01503737492223803 -0.02066081780223906
0.01543411447479057 -0.020914616095430945
0.015839675584770955 -0.02117021311029654
0.016254210142919955 -0.021427599433626165
0.0166778715774669 -0.021686765145133013
0.01711081484473385 -0.021947699809537802
0.017553196419032586 -0.022210392468599845
0.018005174281844907 -0.022474831633096902
0.01846690791027715 -0.02274100527475623
0.018938558264778617 -0.023008900818138778
0.019420287776116263 -0.02327850513248013
0.019912260331595058 -0.023549804523490023
0.020414641260516436 -0.02382278472511449
0.020927597318865353 -0.02409743089126308
0.02145129667321839 -0.024373727587505525
0.02198590888386361 -0.024651658782740764
0.022531604887124992 -0.024931207840842937
0.02308855697688328 -0.025212357512288248
0.02365693878528566 -0.025495089925767322
0.02423692526263666 -0.0257793865797875
0.02482869265646387 -0.026065228334270593
0.02543241848975066 -0.026352595402150722
0.026048281538329752 -0.026641467340978123
0.02667646180743123 -0.026931823044534658
0.027317140507379017 -0.027223640734467206
0.02797050002842905 -0.02751689795194483
0.02863672391474507 -0.027811571549347186
0.029315996837505447 -0.02810763768199041
0.03000850456713659 -0.028405071799898103
0.03071443394466838 -0.028703848639625083
0.03143397285220632 -0.029003942216141224
0.03216731018251809 -0.029305325814784632
0.032914635807728826 -0.029607971983291587
0.033676140547122424 -0.029911852523912586
0.0344520161340468 -0.030216938485624137
0.03524245518191828 -0.030523200156444705
0.03604765114932466 -0.030830607055865832
0.03686779830422341 -0.03113912792740755
0.037703091687234534 -0.031448730731309556
0.03855372707402571 -0.03175938263736814
0.03941990093678944 -0.032071050017930536
0.040301810404811456 -0.03238369844105805
0.04119965322412962 -0.032697292663869566
0.04211362771628488 -0.03301179662607805
0.043043932736163054 -0.03332717344373193
0.04399076762892993 -0.03364338540317449
0.04495433218606049 -0.033960393955234404
0.045934826600463614 -0.03427815970966031
0.04693245142070601 -0.034596642429814
0.047947407504335335 -0.03491580102763498
0.04897989597030887 -0.03523559355889195
0.050030118150528734 -0.035555977218734755
0.05109827554048819 -0.03587690833756197
0.05218456974903451 -0.036198342377219354
0.05328920244725184 -0.0365202339275441
0.054412375316469926 -0.036842536703270534
0.0555542899954044 -0.03716520354131301
0.056715148026435264 -0.03748818639844211
0.0578951508010288 -0.03781143634936962
0.0590944995043124 -0.03813490358525948
0.060313395058806986 -0.0384585374126802
0.06155203806732751 -0.03878228625301599
0.06281062875505923 -0.039106097642352865
0.06408936691081736 -0.039429918231856355
0.0653884518275025 -0.0397536937886582
0.0667080822417594 -0.040077369197268384
0.06804845627284947 -0.040400888461529
0.06940977136075001 -0.04072419470712798
0.0707922242034894 -0.04104723018468821
0.07219601069373126 -0.041369936273449655
0.0736213258546193 -0.041692253485560535
0.0750683637748968 -0.04201412147099465
0.07653731754331253 -0.04233547902311068
0.07802837918232834 -0.04265626408487026
0.07954173958114119 -0.04297641375572991
0.08107758842803683 -0.0432958642992237
0.08263611414208749 -0.04361455115125112
0.08421750380421125 -0.04393240892908566
0.08582194308760965 -0.04424937144111916
0.08744961618759794 -0.044565371697355555
0.0891007057508484 -0.04488034192066889
0.09077539280406147 -0.04519421355883821
0.09247385668208423 -0.04550691729737304
0.09419627495549673 -0.045818383073141636
0.09594282335767933 -0.04612854008881323
0.09771367571138984 -0.04643731682812719
0.09950900385486051 -0.046744641071997474
0.1013289775674427 -0.04705043991546407
0.10317376449481783 -0.047354639785499766
0.1050435300737945 -0.04765716645968066
0.10693843745671591 -0.047957945085728024
0.1088586474354991 -0.04825690020192831
0.1108043183653282 -0.048553955758437
0.1127756060880249 -0.04884903513947088
0.11477266385512175 -0.04914206118639341
0.11679564225065912 -0.049432956221694864
0.11884468911373246 -0.049721642073870115
0.12091994946081545 -0.05000804010319435
0.12302156540787981 -0.05029207122839581
0.12514967609234512 -0.05057365595422511
0.1273044175948758 -0.050852714399917086
0.12948592286105912 -0.0511291663285421
0.13169432162298791 -0.051402931177241235
0.1339297403207728 -0.051673928088338365
0.13619230202401714 -0.05194207594132209
0.13848212635327684 -0.052207293385687414
0.1407993294015387 -0.052469498874627346
0.1431440236557398 -0.052728610699561626
0.1455163179183622 -0.052984547025489846
0.1479163172291295 -0.05323722592715366
0.1503441227868344 -0.05348656542599179
0.1527998318713294 -0.05373248352787043
0.15528353776570727 -0.05397489826156919
0.1577953296787062 -0.05421372771800219
0.160335292667364 -0.05444889009015192
0.16290350755995897 -0.05468030371369208
0.165500050879264 -0.05490788710827419
0.16812499476614667 -0.055131559019451035
0.17077840690354706 -0.05535123846120883
0.1734603504408641 -0.055566844759078166
0.1761708839187843 -0.055778297593792624
0.17891006119458178 -0.05598551704546214
0.18167793136792673 -0.05618842363822725
0.18447453870722774 -0.05638693838535826
0.18729992257654973 -0.05658098283476274
0.19015411736312932 -0.05677047911486228
0.19303715240553146 -0.05695534998079988
0.19594905192247195 -0.05713551886093586
0.19888983494234205 -0.057310909903590695
0.2018595152334704 -0.05748144802399098
0.20485810123514875 -0.05764705895137381
0.20788559598946343 -0.057807669276204184
0.21094199707395864 -0.05796320649745797
0.21402729653516847 -0.0581135990699229
0.2171414808230482 -0.058258776451468826
0.22028453072634221 -0.05839866915023721
0.22345642130891763 -0.05853320877169967
0.22665712184709594 -0.058662328065533946
0.2298865957680247 -0.05878596097226592
0.23314480058910714 -0.058904042669624276
0.23643168785853624 -0.059016509618555826
0.23974720309696154 -0.05912329960884723
0.24309128574031544 -0.0592243518042998
0.24646386908384105 -0.059319606787403216
0.24986488022734957 -0.05940900660345402
0.2532942400217346 -0.0594924948040649
0.25675186301678754 -0.059570016490010126
0.2602376574103297 -0.0596415183533541
0.2637515249987086 -0.059706948718808085
0.26729336112867863 -0.059766257584262926
0.27086305465070226 -0.05981939666044417
0.27446048787370136 -0.05986631940963772
0.2780855365212883 -0.05990698108343404
0.2817380696895101 -0.05994133875944074
0.2854179498061291 -0.059969351376912866
0.28912503259147987 -0.05999097977125304
0.2928591670209184 -0.060006186707332924
0.2966201952889076 -0.060014936911589996
0.30040795277475313 -0.06001719710285473
0.30422226801002666 -0.06001293602186419
0.3080629626477035 -0.06000212445942006
0.31192985143303475 -0.05998473528315174
0.31582274217619183 -0.05996074346284444
0.3197414357267003 -0.05993012609429707
0.3236857259496935 -0.05989286242167467
0.32765539970400825 -0.05984893385832327
0.331650236822155 -0.059798324006016416
0.3356700100921731 -0.05974101867260619
0.3397144852414081 -0.05967700588805247
0.3437834209222286 -0.05960627591880778
0.34787656869970773 -0.05952882128053702
0.35199367304128093 -0.05944463674915443
0.35613447130842285 -0.05935371937016245
0.3602986937503404 -0.05925606846628011
0.36448606349972024 -0.0591516856433515
0.36869629657053715 -0.059040574794527956
0.3729291018579562 -0.05892274210271958
0.37718418114033125 -0.05879819604131624
0.38146122908332863 -0.05866694737317995
0.3857599332461928 -0.05852900914791403
0.3900799740901585 -0.0583843966974179
0.39442102498904325 -0.05823312762973881
0.3987827522420158 -0.05807522182123534
0.4031648150885711 -0.057910701407070685
0.40756686572571044 -0.057739590770056415
0.4119885493273539 -0.057561916527870946
0.41642950406598433 -0.05737770751868007
0.42088936113653813 -0.057186994785189314
0.4253677447825583 -0.056989811557161374
0.4298642723246071 -0.056786193232435646
0.43437855419096366 -0.056576177356487324
0.43891019395059405 -0.05635980360056967
0.44345878834841906 -0.056137113738482874
0.44802392734287294 -0.05590815162201783
0.4526051941457655 -0.055672963155123864
0.45720216526444823 -0.055431596266854025
0.46181441054628974 -0.05518410088314171
0.46644149322545875 -0.05493052889746686
0.47108296997202614 -0.05467093414047012
0.47573839094337267 -0.05440537234857731
0.4804072998379173 -0.05413390113169672
0.4850892339511476 -0.05385657994005515
0.4897837242339733 -0.05357347003023822
0.49449029535337513 -0.05328463443050468
0.4992084657553588 -0.052990137905443074
0.5039377477302182 -0.05269004692004124
0.5086776474800733 -0.05238442960324154
0.5134276651887121 -0.052073355711052455
0.5181872950936964 -0.0517568965892911
0.5229560255607469 -0.05143512513602892
0.5277333391603857 -0.05110811576381463
0.5325187127468272 -0.05077594436174809
0.5373116175391132 -0.05043868825747829
0.5421115192044655 -0.05009642617919903
0.5469178779438613 -0.04974923821771442
0.5517301485798007 -0.049397205788645815
0.5565477806462632 -0.049040411594851674
0.5613702184808302 -0.04867893958912925
0.5661969013189507 -0.04831287493726718
0.571027263390359 -0.04794230398151415
0.5758607340175811 -0.047567314204530836
0.580696737716561 -0.047187994193885245
0.5855346942993369 -0.04680443360715544
0.5903740189787878 -0.04641672313769462
0.5952141224753965 -0.04602495448111731
0.6000544111260255 -0.0456292203025582
0.6048942869946693 -0.04522961420475433
0.6097331479851659 -0.04482623069699791
0.6145703879558356 -0.04441916516500353
0.6194053968360203 -0.04400851384173057
0.6242375607445001 -0.043594373779197726
0.6290662621097545 -0.043176842821322926
0.6338908797920363 -0.04275601957781846
0.6387107892072331 -0.04233200339916701
0.6435253624524809 -0.041904894352699874
0.6483339684334921 -0.0414747931997959
0.6531359729935852 -0.041041801374212275
0.6579307390443517 -0.04060602096155932
0.6627176266979504 -0.04016755467992151
0.6674959934009828 -0.03972650586162556
0.6722651940699147 -0.039282978436152
0.6770245812279998 -0.03883707691418177
0.6817735051436852 -0.03838890637276329
0.6865113139704421 -0.037938572441583523
0.6912373538879877 -0.03748618129032126
0.6959509692448587 -0.03703183961705543
0.700651502702301 -0.03657565463769726
0.705338295379422 -0.0361177340764118
0.7100106869995748 -0.035658186156988736
0.7146680160379153 -0.03519711959511968
0.7193096198701154 -0.03473464359153167
0.7239348349221552 -0.034270867825928614
0.7285429968211734 -0.033805902451681795
0.7331334405473244 -0.03333985809121151
0.7377055005865801 -0.03287284583199754
0.7422585110844595 -0.032404977223149896
0.7467918060006147 -0.03193636427247172
0.751304719264222 -0.031467119443942905
0.7557965849301641 -0.030997355655544352
0.760266737335904 -0.030527186277351043
0.7647145112590445 -0.030056725129807768
0.7691392420755049 -0.029586086482107258
0.7735402659182531 -0.029115385050587184
0.7779169198365747 -0.028644735997056157
0.782268541955786 -0.028174254926965066
0.7865944716373845 -0.027704057887330467
0.7908940496395389 -0.027234261364324545
0.7951666182779076 -0.02676498228043749
0.7994115215867045 -0.02629633799112362
0.8036281054799677 -0.025828446280840408
0.8078157179129855 -0.025361425358388315
0.8119737090438163 -0.02489539385146323
0.8161014313948529 -0.024430470800331294
0.8201982400143749 -0.023966775650538757
0.8242634926380303 -0.02350442824457095
0.8282965498502186 -0.023043548812372264
0.8322967752452733 -0.022584257960650344
0.8362635355884322 -0.022126676660878877
0.8401962009765246 -0.021670926235923402
0.8440941449983115 -0.021217128345215983
0.8479567448944437 -0.02076540496840586
0.8517833817169617 -0.02031587838741911
0.8555734404882975 -0.01986867116686217
0.8593263103597203 -0.01942390613270961
0.8630413847691661 -0.018981706349219075
0.8667180615983993 -0.018542195094023377
0.8703557433294588 -0.01810549583135063
0.8739538372003123 -0.017671732183333785
0.8775117553596956 -0.017241027899368586
0.8810289150210516 -0.016813506823492804
0.8845047386155432 -0.016389292859756256
0.8879386539440509 -0.01596850993556689
0.8913300943281497 -0.01555128196299128
0.8946784987599598 -0.01513773279800816
0.897983312050851 -0.014727986197708196
0.9012439849789439 -0.014322165775443284
0.9044599744353478 -0.013920394953937421
0.9076307435690733 -0.013522796916375321
0.9107557619306 -0.013129494555487725
0.9138345056140136 -0.012740610420665634
0.9168664573976772 -0.012356266663138115
0.9198511068833887 -0.011976584979252216
0.9227879506339585 -0.011601686551907228
0.9256764923091869 -0.011231691990191426
0.9285162428001471 -0.010866721267288562
0.9313067203617809 -0.010506893656711471
0.9340474507437017 -0.010152327666943697
0.9367379673192046 -0.009803140974560122
0.9393778112124004 -0.00945945035591472
0.9419665314234618 -0.009121371617479807
0.9445036849518942 -0.008789019524937734
0.9469888369178279 -0.008462507731117513
0.9494215606812552 -0.008141948702885394
0.9518014379591959 -0.007827453647095407
0.9541280589407105 -0.007519132435717548
0.9564010223997619 -0.007217093530255567
0.9586199358058584 -0.00692144390557933
0.9607844154324352 -0.006632288973296716
0.9628940864629486 -0.006349732504791607
0.9649485830946292 -0.0060738765540608195
0.9669475486398736 -0.00580482138048175
0.968890635625211 -0.005542665371648631
0.9707775058878397 -0.005287504966414181
0.9726078306696612 -0.005039434578277319
0.9743812907088129 -0.004798546519255267
0.9760975763286422 -0.004564930924383861
0.9777563875240893 -0.004338675676987711
0.9793574340454629 -0.004119866334860031
0.9809004354795597 -0.00390858605749653
0.9823851213281022 -0.003704915534523129
0.9838112310834761 -0.003508932915456636
0.9851785143017263 -0.0033207137409377112
0.9864867306727798 -0.0031403308755736854
0.9877356500878913 -0.0029678544425228216
0.9889250527042655 -0.0028033517599539842
0.9900547290068348 -0.002646887279510937
0.9911244798671778 -0.00249852252690439
0.9921341165995541 -0.0023583160447557096
0.9930834610140193 -0.0022263233378100626
0.9939723454666356 -0.002102596820629832
0.9948006129067062 -0.001987185767882796
0.9955681169210695 -0.0018801362673220607
0.9962747217753997 -0.001781491175562283
0.9969203024525174 -0.0016912900767411642
0.9975047446876877 -0.00160956924415612
0.9980279450008861 -0.0015363616049574897
0.9984898107260416 -0.001471696707970177
0.9988902600372177 -0.0014156006947170867
0.9992292219717522 -0.0013680962737015467
0.9995066364503116 -0.0013292026980073924
0.9997224542938898 -0.0012989357462622614
0.9998766372377089 -0.0012773077070069889
0.9999691579420541 -0.0012643273665019356
1.0 -0.0012599999999999777